,age,num_banked,num_unbanked,num_NA,pct_unb
0,-1,0,0,21340,
1,15,2,1,8,33.333333333333336
2,16,15,1,14,6.25
3,17,14,1,12,6.666666666666667
4,18,42,2,32,4.545454545454546
5,19,77,8,61,9.411764705882353
6,20,106,17,83,13.821138211382113
7,21,172,14,120,7.526881720430108
8,22,196,20,121,9.25925925925926
9,23,257,24,157,8.540925266903914
10,24,312,20,158,6.024096385542169
11,25,335,15,186,4.285714285714286
12,26,349,22,208,5.929919137466308
13,27,416,25,203,5.668934240362812
14,28,451,28,239,5.845511482254698
15,29,471,31,259,6.175298804780876
16,30,459,34,232,6.896551724137931
17,31,505,45,252,8.181818181818182
18,32,475,36,246,7.045009784735812
19,33,518,30,252,5.474452554744525
20,34,496,32,275,6.0606060606060606
21,35,538,31,255,5.448154657293498
22,36,526,29,274,5.225225225225225
23,37,569,29,291,4.849498327759197
24,38,486,40,266,7.604562737642586
25,39,502,21,262,4.015296367112811
26,40,471,38,273,7.465618860510806
27,41,477,24,265,4.790419161676646
28,42,517,33,258,6.0
29,43,489,33,259,6.32183908045977
30,44,463,23,268,4.732510288065844
31,45,454,25,262,5.219206680584551
32,46,442,20,279,4.329004329004329
33,47,468,29,274,5.835010060362173
34,48,519,27,277,4.945054945054945
35,49,514,31,293,5.6880733944954125
36,50,535,25,274,4.464285714285714
37,51,499,27,291,5.133079847908745
38,52,545,29,266,5.052264808362369
39,53,548,25,294,4.363001745200698
40,54,591,37,306,5.89171974522293
41,55,588,44,330,6.962025316455696
42,56,566,34,302,5.666666666666667
43,57,596,33,299,5.246422893481717
44,58,603,31,299,4.889589905362776
45,59,618,25,299,3.8880248833592534
46,60,634,39,326,5.794947994056463
47,61,655,32,321,4.657933042212518
48,62,636,34,291,5.074626865671642
49,63,595,32,274,5.103668261562999
50,64,607,30,305,4.7095761381475665
51,65,597,31,272,4.936305732484076
52,66,625,19,293,2.950310559006211
53,67,605,24,273,3.8155802861685215
54,68,569,27,266,4.530201342281879
55,69,584,15,223,2.5041736227045077
56,70,589,18,225,2.9654036243822075
57,71,578,11,237,1.867572156196944
58,72,546,23,232,4.042179261862917
59,73,422,5,184,1.17096018735363
60,74,400,9,176,2.2004889975550124
61,75,387,10,189,2.5188916876574305
62,76,377,15,163,3.826530612244898
63,77,337,12,145,3.438395415472779
64,78,345,8,141,2.26628895184136
65,79,286,6,137,2.0547945205479454
66,80,1102,25,528,2.218278615794144
67,85,1025,37,624,3.4839924670433144
